{
    "birdseye-H": {
        "type_id": "opencv-matrix",
        "rows": 3,
        "cols": 3,
        "dt": "d",
        "data": [ -1.1123577356447792e-01, -6.0289090774153631e-01,
            2.3099662538253642e+02, -5.1302724603617341e-16,
            -9.7060633974059174e-01, 3.0374490860592874e+02,
            -3.0356912605594575e-18, -3.7675224719836771e-03, 1.0 ]
    },
    "birdseye-H_inv": {
        "type_id": "opencv-matrix",
        "rows": 3,
        "cols": 3,
        "dt": "d",
        "data": [ -8.9899136577708045e+00, 1.3834354816121873e+01,
            -2.1254751218194988e+03, 2.1163230565800157e-14,
            5.7550833626849984e+00, -1.7480772700182608e+03,
            5.2442344412344988e-17, 2.1682405897055161e-02,
            -5.5859203975576825e+00 ]
    }
}
